18446744073709551615
72340172838076927
72340172838076927
72340172838076927
72340172838076927
72340172838076927
72340172838076927
72340172838076927
144680345676218114
18446744073709551615
144680345676218114
144680345676218114
144680345676218114
144680345676218114
144680345676218114
144680345676218114
289360691368756228
289360691368756228
18446744073709551615
289360691368756228
289360691368756228
289360691368756228
289360691368756228
289360691368756228
578721386848585736
578721386848585736
578721386848585736
18446744073709551615
578721386848585736
578721386848585736
578721386848585736
578721386848585736
1157443791906410512
1157443791906410512
1157443791906410512
1157443791906410512
18446744073709551615
1157443791906410512
1157443791906410512
1157443791906410512
2315130721911447584
2315130721911447584
2315130721911447584
2315130721911447584
2315130721911447584
18446744073709551615
2315130721911447584
2315130721911447584
4683532782188642368
4683532782188642368
4683532782188642368
4683532782188642368
4683532782188642368
4683532782188642368
18446744073709551615
4683532782188642368
18410856566090662016
18410856566090662016
18410856566090662016
18410856566090662016
18410856566090662016
18410856566090662016
18410856566090662016
18446744073709551615
4683532782188642368
4683532782188642368
4683532782188642368
4683532782188642368
4683532782188642368
4683532782188642368
18446744073709551615
4683532782188642368
2315130721911447584
2315130721911447584
2315130721911447584
2315130721911447584
2315130721911447584
18446744073709551615
2315130721911447584
2315130721911447584
1157443791906410512
1157443791906410512
1157443791906410512
1157443791906410512
18446744073709551615
1157443791906410512
1157443791906410512
1157443791906410512
578721386848585736
578721386848585736
578721386848585736
18446744073709551615
578721386848585736
578721386848585736
578721386848585736
578721386848585736
289360691368756228
289360691368756228
18446744073709551615
289360691368756228
289360691368756228
289360691368756228
289360691368756228
289360691368756228
144680345676218114
18446744073709551615
144680345676218114
144680345676218114
144680345676218114
144680345676218114
144680345676218114
144680345676218114
